column_number, radial distance, total stars, total sterilizations- at least sterilized once
1,15,432360,21240
2,45,1283760,55800
3,75,2106000,149400
4,105,2913120,126720
5,135,3694680,262080
6,165,4453920,622080
7,195,5193720,928080
8,225,5911560,707400
9,255,6614640,1190520
10,285,7291800,1541520
11,315,7952760,1177920
12,345,8595000,1598760
13,375,9215280,2271960
14,405,9826200,1928520
15,435,10415160,2337480
16,465,10986120,3056040
17,495,11538360,2809440
18,525,12073680,2480040
19,555,12593880,3276000
20,585,13098240,3964680
21,615,13592520,3732120
22,645,14065200,3460320
23,675,14524560,3399120
24,705,14968080,3489120
25,735,15399360,3332160
26,765,15811920,4539240
27,795,16218000,4701240
28,825,16607160,4650480
29,855,16982640,5735880
30,885,17345160,5075280
31,915,17698320,4662360
32,945,18032760,5921280
33,975,18360360,6397200
34,1005,18672120,6435360
35,1035,18978120,6073920
36,1065,19267200,6718680
37,1095,19545840,5993640
38,1125,19818360,5345280
39,1155,20078640,7251120
40,1185,20327760,6492960
41,1215,20563560,6407640
42,1245,20790360,5603040
43,1275,21011040,5343120
44,1305,21221640,4977360
45,1335,21420000,5895720
46,1365,21614760,7207200
47,1395,21796560,5901840
48,1425,21970080,6499440
49,1455,22135680,6492960
50,1485,22291920,6514200
51,1515,22443840,6302880
52,1545,22579920,5346000
53,1575,22716720,6381000
54,1605,22843440,6165720
55,1635,22960080,7697520
56,1665,23073840,6410520
57,1695,23176440,6036120
58,1725,23272920,5703840
59,1755,23361840,7026840
60,1785,23446800,4959720
61,1815,23526720,6504480
62,1845,23599440,6333840
63,1875,23669280,5719320
64,1905,23726880,5322240
65,1935,23778360,5911920
66,1965,23832000,5270040
67,1995,23873040,5935320
68,2025,23910480,5658120
69,2055,23949720,5851080
70,2085,23973120,5735160
71,2115,23995440,6060960
72,2145,24014880,6514920
73,2175,24029280,7046280
74,2205,24034680,5680800
75,2235,24040800,6642720
76,2265,24036120,6003360
77,2295,24032160,5466600
78,2325,24033240,3569040
79,2355,24017040,5833080
80,2385,23997600,4665960
81,2415,23974920,6096240
82,2445,23954760,5567400
83,2475,23928120,5668560
84,2505,23896440,4879440
85,2535,23859720,5594040
86,2565,23824440,4107240
87,2595,23788080,3771720
88,2625,23740200,4711680
89,2655,23693400,4780080
90,2685,23646960,5415840
91,2715,23592960,5075280
92,2745,23534640,4961160
93,2775,23478480,3273120
94,2805,23418360,3807720
95,2835,23355720,4723200
96,2865,23290560,3933720
97,2895,23222520,4692600
98,2925,23151960,3333240
99,2955,23078160,3348000
100,2985,23005080,3891960
101,3015,22928400,3870720
102,3045,22847400,3243600
103,3075,22767840,3761640
104,3105,22686840,5558760
105,3135,22603680,4451400
106,3165,22514760,3801960
107,3195,22428000,3398400
108,3225,22341960,3219480
109,3255,22249080,4218120
110,3285,22156200,4060440
111,3315,22064400,3071880
112,3345,21970800,2523600
113,3375,21872520,3269880
114,3405,21774600,3697200
115,3435,21678120,3053160
116,3465,21575520,3034800
117,3495,21474720,2645280
118,3525,21368160,3263400
119,3555,21264120,2602440
120,3585,21157920,2557440
121,3615,21056760,2390040
122,3645,20949120,2451240
123,3675,20844000,2564640
124,3705,20736720,2980080
125,3735,20627640,2521080
126,3765,20509920,3050280
127,3795,20408400,3029040
128,3825,20291400,3163320
129,3855,20182320,2844360
130,3885,20066040,2146680
131,3915,19956240,1565640
132,3945,19842480,2341080
133,3975,19731960,1522800
134,4005,19616400,1875600
135,4035,19497960,2372400
136,4065,19383120,2257200
137,4095,19272960,1843920
138,4125,19154160,2261160
139,4155,19039320,1518840
140,4185,18922320,2053800
141,4215,18804960,3166200
142,4245,18687240,2714040
143,4275,18568800,1785600
144,4305,18452880,2016720
145,4335,18337320,1654200
146,4365,18218880,1164600
147,4395,18101520,1350360
148,4425,17982720,1197360
149,4455,17868960,1594440
150,4485,17750160,1550160
151,4515,17626680,1200240
152,4545,17512560,1386000
153,4575,17391960,2204280
154,4605,17274600,1031040
155,4635,17157960,1230480
156,4665,17038800,1286280
157,4695,16926840,1967760
158,4725,16806960,1639440
159,4755,16687440,1629720
160,4785,16569360,1440360
161,4815,16454880,1146240
162,4845,16337880,1649160
163,4875,16219800,1426320
164,4905,16103160,1173240
165,4935,15983640,882360
166,4965,15869880,1731600
167,4995,15756120,1203840
168,5025,15641280,1097280
169,5055,15525000,840240
170,5085,15412680,735840
171,5115,15296400,1150560
172,5145,15184440,1035000
173,5175,15073560,752040
174,5205,14952960,901080
175,5235,14844240,838800
176,5265,14731200,1028880
177,5295,14618160,830520
178,5325,14507280,1074240
179,5355,14392800,755640
180,5385,14284080,886680
181,5415,14175000,751680
182,5445,14063040,477000
183,5475,13952160,711720
184,5505,13842000,926280
185,5535,13735800,892080
186,5565,13625280,1348560
187,5595,13515480,971280
188,5625,13410360,1072080
189,5655,13302720,604440
190,5685,13199040,511200
191,5715,13089960,705240
192,5745,12984840,405360
193,5775,12881520,588600
194,5805,12773520,559800
195,5835,12670560,576360
196,5865,12564000,415800
197,5895,12463560,596160
198,5925,12361680,618840
199,5955,12260880,496080
200,5985,12158280,273240
201,6015,12052800,325800
202,6045,11957040,317880
203,6075,11859120,474120
204,6105,11760120,424800
205,6135,11659320,412560
206,6165,11563200,528480
207,6195,11464920,454680
208,6225,11368080,603000
209,6255,11272320,384480
210,6285,11176560,467640
211,6315,11079360,242640
212,6345,10985040,579960
213,6375,10890720,297360
214,6405,10796400,555480
215,6435,10703880,729720
216,6465,10611360,552600
217,6495,10519920,333000
218,6525,10426680,397800
219,6555,10334880,486720
220,6585,10248120,327600
221,6615,10153800,300600
222,6645,10066320,174960
223,6675,9979920,263880
224,6705,9892800,420840
225,6735,9803880,309240
226,6765,9719280,396720
227,6795,9629640,479880
228,6825,9545400,429120
229,6855,9459360,273600
230,6885,9373680,250200
231,6915,9291240,180360
232,6945,9210240,285840
233,6975,9127080,205560
234,7005,9043200,338400
235,7035,8966880,175320
236,7065,8884440,108000
237,7095,8798400,180360
238,7125,8722080,357480
239,7155,8641440,248760
240,7185,8560800,254520
241,7215,8484480,187560
242,7245,8407440,140400
243,7275,8329680,183600
244,7305,8250480,295200
245,7335,8179560,189360
246,7365,8102880,205200
247,7395,8029800,117720
248,7425,7954560,155160
249,7455,7880040,154800
250,7485,7805160,367200
251,7515,7734960,195480
252,7545,7660080,196200
253,7575,7593120,231120
254,7605,7521120,271080
255,7635,7453440,147240
256,7665,7379640,126000
257,7695,7311960,177120
258,7725,7241760,126720
259,7755,7171920,128160
260,7785,7110000,192600
261,7815,7038000,70560
262,7845,6976440,62640
263,7875,6907320,150480
264,7905,6842880,110160
265,7935,6772320,55800
266,7965,6708960,55800
267,7995,6649200,109440
268,8025,6585120,81360
269,8055,6520680,66240
270,8085,6460920,135360
271,8115,6400440,111960
272,8145,6334920,168840
273,8175,6275880,105840
274,8205,6215040,136800
275,8235,6153480,82080
276,8265,6094440,100440
277,8295,6033600,151920
278,8325,5980320,101160
279,8355,5920560,115920
280,8385,5861160,95400
281,8415,5805000,84240
282,8445,5751000,73800
283,8475,5694480,59760
284,8505,5638680,130320
285,8535,5585760,51480
286,8565,5526360,113040
287,8595,5473800,37440
288,8625,5419440,76680
289,8655,5367240,52560
290,8685,5313960,61200
291,8715,5261760,86760
292,8745,5211720,102960
293,8775,5157720,62640
294,8805,5107680,83160
295,8835,5054400,55800
296,8865,5008320,54360
297,8895,4958280,47160
298,8925,4908600,57600
299,8955,4857480,70920
300,8985,4812120,77400
301,9015,4765320,17280
302,9045,4713840,31680
303,9075,4670640,68760
304,9105,4624200,86760
305,9135,4581000,104760
306,9165,4533120,61200
307,9195,4482720,31680
308,9225,4439160,56520
309,9255,4394160,22320
310,9285,4350600,54000
311,9315,4306680,36000
312,9345,4263840,66240
313,9375,4220640,31680
314,9405,4177080,33120
315,9435,4138560,33120
316,9465,4092120,43920
317,9495,4051440,59400
318,9525,4016160,39240
319,9555,3970800,22320
320,9585,3931920,23400
321,9615,3888720,22320
322,9645,3856680,70200
323,9675,3812400,36360
324,9705,3775680,38160
325,9735,3735720,44640
326,9765,3697560,30960
327,9795,3660480,23040
328,9825,3623760,37440
329,9855,3584160,19440
330,9885,3548520,21240
331,9915,3513960,20160
332,9945,3476160,14400
333,9975,3437640,50040
334,10005,3407400,24120
335,10035,3366720,36000
336,10065,3334320,14400
337,10095,3301560,18000
338,10125,3266640,27000
339,10155,3232800,15840
340,10185,3199320,24120
341,10215,3164760,19800
342,10245,3132360,34920
343,10275,3099960,19800
344,10305,3070800,28440
345,10335,3038400,24120
346,10365,3005640,21240
347,10395,2974320,25920
348,10425,2948040,18000
349,10455,2917440,31680
350,10485,2878920,34920
351,10515,2851560,19800
352,10545,2822040,24120
353,10575,2793600,16560
354,10605,2763000,9360
355,10635,2738520,13680
356,10665,2707200,9360
357,10695,2674440,27000
358,10725,2650320,32760
359,10755,2621880,28080
360,10785,2596680,16200
361,10815,2569680,20160
362,10845,2539080,15480
363,10875,2516760,5040
364,10905,2490120,3600
365,10935,2462040,3240
366,10965,2433240,7560
367,10995,2413080,21600
368,11025,2385360,28080
369,11055,2359440,16920
370,11085,2331360,6840
371,11115,2307240,17280
372,11145,2285280,27000
373,11175,2263680,3600
374,11205,2236680,18360
375,11235,2211840,9000
376,11265,2188440,5400
377,11295,2167560,3600
378,11325,2143440,4320
379,11355,2117880,12960
380,11385,2099880,10080
381,11415,2073600,14400
382,11445,2050920,23760
383,11475,2030400,22680
384,11505,2011320,13320
385,11535,1986840,10440
386,11565,1968840,5040
387,11595,1948680,11160
388,11625,1927080,10440
389,11655,1907280,14400
390,11685,1883880,6480
391,11715,1865160,3960
392,11745,1843560,360
393,11775,1824840,3960
394,11805,1803600,1440
395,11835,1785240,7200
396,11865,1769760,8640
397,11895,1749960,3600
398,11925,1727280,10440
399,11955,1709280,2520
400,11985,1692360,2520
401,12015,1670760,3960
402,12045,1653480,1800
403,12075,1640160,720
404,12105,1620000,2520
405,12135,1601640,5760
406,12165,1585080,9360
407,12195,1568160,3240
408,12225,1551600,2520
409,12255,1532520,8280
410,12285,1519920,2880
411,12315,1500480,0
412,12345,1484640,3240
413,12375,1470600,8280
414,12405,1452960,2160
415,12435,1433520,15120
416,12465,1418400,3240
417,12495,1407600,1440
418,12525,1393920,4320
419,12555,1377720,6120
420,12585,1361160,7560
421,12615,1345680,2520
422,12645,1330920,1800
423,12675,1317240,2520
424,12705,1300680,5400
425,12735,1290240,3960
426,12765,1271160,360
427,12795,1256760,8640
428,12825,1247400,2520
429,12855,1235160,1440
430,12885,1220040,5400
431,12915,1201320,1800
432,12945,1190160,3600
433,12975,1177560,1080
434,13005,1168560,1440
435,13035,1152720,3240
436,13065,1138320,7200
437,13095,1129680,3960
438,13125,1116000,1080
439,13155,1105560,2520
440,13185,1087920,7560
441,13215,1081440,2880
442,13245,1066680,360
443,13275,1055160,1080
444,13305,1046160,360
445,13335,1033920,360
446,13365,1020600,2520
447,13395,1009440,1080
448,13425,996480,5400
449,13455,990360,4320
450,13485,976680,1080
451,13515,968040,6480
452,13545,954360,0
453,13575,942840,0
454,13605,937800,1080
455,13635,925560,1440
456,13665,914040,360
457,13695,902880,720
458,13725,894600,1800
459,13755,881280,6480
460,13785,876960,1080
461,13815,865080,1800
462,13845,852480,0
463,13875,846720,1800
464,13905,837360,3240
465,13935,830520,2160
466,13965,820080,2160
467,13995,810720,2160
468,14025,800640,1800
469,14055,792720,1080
470,14085,779760,0
471,14115,773640,360
472,14145,765360,2160
473,14175,754560,360
474,14205,747360,0
475,14235,739440,0
476,14265,735120,360
477,14295,723240,720
478,14325,714600,1440
479,14355,704880,0
480,14385,696240,360
481,14415,691920,0
482,14445,682200,720
483,14475,674280,360
484,14505,667080,1440
485,14535,659880,1080
486,14565,653400,0
487,14595,645480,1080
488,14625,639720,360
489,14655,627840,360
490,14685,627840,0
491,14715,620280,0
492,14745,610920,720
493,14775,602280,1080
494,14805,594360,1800
495,14835,589320,2880
496,14865,582840,360
497,14895,577080,1800
498,14925,571680,0
499,14955,565920,2160
500,14985,560520,720
501,15015,550440,1080
502,15045,544680,1080
503,15075,541800,360
504,15105,532080,3960
505,15135,527040,2880
506,15165,515880,360
507,15195,514080,0
508,15225,510840,1440
509,15255,503280,2880
510,15285,498240,0
511,15315,491040,0
The following results are multiplied by 360 such that they apply to the entire Galaxy
Number of TypeII: 9483840 Number of TypeIa: 1017000 Total Sterilizations SNII: 265255560 Total Sterilizations Ia: 171818280 Total stellar mass: 1.37997e+09Number of SNII: 6586560
Number of SNIa: 627840