column_number, radial distance, total stars, total sterilizations- at least sterilized once
1,15,432360,10800
2,45,1283760,14760
3,75,2106000,109440
4,105,2913120,120600
5,135,3694680,237240
6,165,4453920,468360
7,195,5193720,691200
8,225,5911560,811080
9,255,6614640,1309320
10,285,7291800,1460880
11,315,7952760,957960
12,345,8595000,1552680
13,375,9215280,2539080
14,405,9826200,1540800
15,435,10415160,2412360
16,465,10986120,2676240
17,495,11538360,2440080
18,525,12073680,2654640
19,555,12593880,3545640
20,585,13098240,3246120
21,615,13592520,3628080
22,645,14065200,2939400
23,675,14524560,3164400
24,705,14968080,3449880
25,735,15399360,3238920
26,765,15811920,3959280
27,795,16218000,4715640
28,825,16607160,3845160
29,855,16982640,5437440
30,885,17345160,4057560
31,915,17698320,4655520
32,945,18032760,5562000
33,975,18360360,6258240
34,1005,18672120,4992480
35,1035,18978120,5062680
36,1065,19267200,6318720
37,1095,19545840,4774680
38,1125,19818360,5538960
39,1155,20078640,4993200
40,1185,20327760,6366240
41,1215,20563560,5034240
42,1245,20790360,4002480
43,1275,21011040,4327560
44,1305,21221640,4956480
45,1335,21420000,6788520
46,1365,21614760,6658560
47,1395,21796560,6730560
48,1425,21970080,5679000
49,1455,22135680,5255640
50,1485,22291920,6202800
51,1515,22443840,5436000
52,1545,22579920,6960600
53,1575,22716720,6867360
54,1605,22843440,6112440
55,1635,22960080,7894080
56,1665,23073840,6680880
57,1695,23176440,6148080
58,1725,23272920,5910840
59,1755,23361840,6430680
60,1785,23446800,6629400
61,1815,23526720,6979680
62,1845,23599440,6815160
63,1875,23669280,6206400
64,1905,23726880,6357960
65,1935,23778360,6440040
66,1965,23832000,5809320
67,1995,23873040,6206040
68,2025,23910480,5469120
69,2055,23949720,6127920
70,2085,23973120,4510440
71,2115,23995440,5450040
72,2145,24014880,5483160
73,2175,24029280,5882760
74,2205,24034680,5078880
75,2235,24040800,6096600
76,2265,24036120,5907600
77,2295,24032160,5995440
78,2325,24033240,3900240
79,2355,24017040,5917320
80,2385,23997600,6170760
81,2415,23974920,6081120
82,2445,23954760,5153040
83,2475,23928120,4086720
84,2505,23896440,4792320
85,2535,23859720,5807520
86,2565,23824440,4367880
87,2595,23788080,3051000
88,2625,23740200,3513600
89,2655,23693400,4017600
90,2685,23646960,4844880
91,2715,23592960,5044320
92,2745,23534640,4817880
93,2775,23478480,3942720
94,2805,23418360,3992040
95,2835,23355720,5259960
96,2865,23290560,4730760
97,2895,23222520,4351320
98,2925,23151960,4475160
99,2955,23078160,4459680
100,2985,23005080,4330080
101,3015,22928400,4467600
102,3045,22847400,3234240
103,3075,22767840,3973320
104,3105,22686840,5068800
105,3135,22603680,3809520
106,3165,22514760,3031560
107,3195,22428000,2721600
108,3225,22341960,2961720
109,3255,22249080,2977560
110,3285,22156200,3125160
111,3315,22064400,3053880
112,3345,21970800,3474720
113,3375,21872520,3162600
114,3405,21774600,3027600
115,3435,21678120,3305160
116,3465,21575520,2398320
117,3495,21474720,2511360
118,3525,21368160,3574800
119,3555,21264120,2700000
120,3585,21157920,3035520
121,3615,21056760,2543400
122,3645,20949120,2203200
123,3675,20844000,2246760
124,3705,20736720,2559240
125,3735,20627640,2802960
126,3765,20509920,1870200
127,3795,20408400,2460240
128,3825,20291400,2148120
129,3855,20182320,2271960
130,3885,20066040,2175120
131,3915,19956240,1619640
132,3945,19842480,2316600
133,3975,19731960,2104200
134,4005,19616400,1854360
135,4035,19497960,2834640
136,4065,19383120,2164320
137,4095,19272960,1869120
138,4125,19154160,2434320
139,4155,19039320,1893960
140,4185,18922320,2004480
141,4215,18804960,2491920
142,4245,18687240,1924560
143,4275,18568800,1429200
144,4305,18452880,2277720
145,4335,18337320,1448640
146,4365,18218880,1641240
147,4395,18101520,1623600
148,4425,17982720,1221120
149,4455,17868960,1613520
150,4485,17750160,1790280
151,4515,17626680,958320
152,4545,17512560,1363320
153,4575,17391960,1812960
154,4605,17274600,1118520
155,4635,17157960,1308600
156,4665,17038800,1474560
157,4695,16926840,1887120
158,4725,16806960,1961640
159,4755,16687440,1576440
160,4785,16569360,1074960
161,4815,16454880,1415520
162,4845,16337880,1635120
163,4875,16219800,1415160
164,4905,16103160,1104480
165,4935,15983640,817920
166,4965,15869880,1491120
167,4995,15756120,1168920
168,5025,15641280,993240
169,5055,15525000,852840
170,5085,15412680,991800
171,5115,15296400,1023120
172,5145,15184440,810360
173,5175,15073560,774000
174,5205,14952960,748440
175,5235,14844240,856080
176,5265,14731200,1617840
177,5295,14618160,742320
178,5325,14507280,952200
179,5355,14392800,886680
180,5385,14284080,751680
181,5415,14175000,821160
182,5445,14063040,648360
183,5475,13952160,556560
184,5505,13842000,1060560
185,5535,13735800,959760
186,5565,13625280,925560
187,5595,13515480,1063080
188,5625,13410360,1020600
189,5655,13302720,513000
190,5685,13199040,620280
191,5715,13089960,897480
192,5745,12984840,525240
193,5775,12881520,618480
194,5805,12773520,536400
195,5835,12670560,857880
196,5865,12564000,487800
197,5895,12463560,489240
198,5925,12361680,631800
199,5955,12260880,633960
200,5985,12158280,486360
201,6015,12052800,405360
202,6045,11957040,300960
203,6075,11859120,460440
204,6105,11760120,532800
205,6135,11659320,462240
206,6165,11563200,327240
207,6195,11464920,302040
208,6225,11368080,456120
209,6255,11272320,417600
210,6285,11176560,474480
211,6315,11079360,317880
212,6345,10985040,528120
213,6375,10890720,324360
214,6405,10796400,617400
215,6435,10703880,537840
216,6465,10611360,433080
217,6495,10519920,277200
218,6525,10426680,283680
219,6555,10334880,419040
220,6585,10248120,298800
221,6615,10153800,279720
222,6645,10066320,271080
223,6675,9979920,226440
224,6705,9892800,438480
225,6735,9803880,279000
226,6765,9719280,316080
227,6795,9629640,457560
228,6825,9545400,201240
229,6855,9459360,259200
230,6885,9373680,228600
231,6915,9291240,207360
232,6945,9210240,322200
233,6975,9127080,282240
234,7005,9043200,420120
235,7035,8966880,328320
236,7065,8884440,185040
237,7095,8798400,178200
238,7125,8722080,317160
239,7155,8641440,313920
240,7185,8560800,289440
241,7215,8484480,199440
242,7245,8407440,97200
243,7275,8329680,284040
244,7305,8250480,219960
245,7335,8179560,198000
246,7365,8102880,241560
247,7395,8029800,198720
248,7425,7954560,132840
249,7455,7880040,217080
250,7485,7805160,222840
251,7515,7734960,228240
252,7545,7660080,180000
253,7575,7593120,204480
254,7605,7521120,209160
255,7635,7453440,186840
256,7665,7379640,142200
257,7695,7311960,194400
258,7725,7241760,183600
259,7755,7171920,149040
260,7785,7110000,237240
261,7815,7038000,126000
262,7845,6976440,72360
263,7875,6907320,177480
264,7905,6842880,129600
265,7935,6772320,86040
266,7965,6708960,66240
267,7995,6649200,120960
268,8025,6585120,51120
269,8055,6520680,60840
270,8085,6460920,163440
271,8115,6400440,165600
272,8145,6334920,102240
273,8175,6275880,99360
274,8205,6215040,155880
275,8235,6153480,79920
276,8265,6094440,98280
277,8295,6033600,165960
278,8325,5980320,83880
279,8355,5920560,77040
280,8385,5861160,109080
281,8415,5805000,81360
282,8445,5751000,58680
283,8475,5694480,64800
284,8505,5638680,143640
285,8535,5585760,75960
286,8565,5526360,95760
287,8595,5473800,45000
288,8625,5419440,70560
289,8655,5367240,88200
290,8685,5313960,64800
291,8715,5261760,81360
292,8745,5211720,132480
293,8775,5157720,29880
294,8805,5107680,85680
295,8835,5054400,123480
296,8865,5008320,42480
297,8895,4958280,55440
298,8925,4908600,70200
299,8955,4857480,65520
300,8985,4812120,138600
301,9015,4765320,43560
302,9045,4713840,29160
303,9075,4670640,74880
304,9105,4624200,46800
305,9135,4581000,40680
306,9165,4533120,57600
307,9195,4482720,49680
308,9225,4439160,64440
309,9255,4394160,16200
310,9285,4350600,47880
311,9315,4306680,28800
312,9345,4263840,31320
313,9375,4220640,23400
314,9405,4177080,33120
315,9435,4138560,20520
316,9465,4092120,30600
317,9495,4051440,47880
318,9525,4016160,28440
319,9555,3970800,14760
320,9585,3931920,32400
321,9615,3888720,29880
322,9645,3856680,26640
323,9675,3812400,25560
324,9705,3775680,56520
325,9735,3735720,48240
326,9765,3697560,45000
327,9795,3660480,20880
328,9825,3623760,54360
329,9855,3584160,32040
330,9885,3548520,22320
331,9915,3513960,18720
332,9945,3476160,19080
333,9975,3437640,47520
334,10005,3407400,21600
335,10035,3366720,36000
336,10065,3334320,13680
337,10095,3301560,19800
338,10125,3266640,27360
339,10155,3232800,19800
340,10185,3199320,18720
341,10215,3164760,22320
342,10245,3132360,24480
343,10275,3099960,17280
344,10305,3070800,28440
345,10335,3038400,24120
346,10365,3005640,21240
347,10395,2974320,25920
348,10425,2948040,18000
349,10455,2917440,31680
350,10485,2878920,29880
351,10515,2851560,13680
352,10545,2822040,19080
353,10575,2793600,12600
354,10605,2763000,8640
355,10635,2738520,11880
356,10665,2707200,11160
357,10695,2674440,27000
358,10725,2650320,32400
359,10755,2621880,15480
360,10785,2596680,15840
361,10815,2569680,23760
362,10845,2539080,14760
363,10875,2516760,6120
364,10905,2490120,3960
365,10935,2462040,3240
366,10965,2433240,7560
367,10995,2413080,17640
368,11025,2385360,15840
369,11055,2359440,15840
370,11085,2331360,10440
371,11115,2307240,20520
372,11145,2285280,27720
373,11175,2263680,3240
374,11205,2236680,19440
375,11235,2211840,10080
376,11265,2188440,5760
377,11295,2167560,3600
378,11325,2143440,6120
379,11355,2117880,14760
380,11385,2099880,10080
381,11415,2073600,14760
382,11445,2050920,26640
383,11475,2030400,22680
384,11505,2011320,21600
385,11535,1986840,4680
386,11565,1968840,3960
387,11595,1948680,7560
388,11625,1927080,15120
389,11655,1907280,14400
390,11685,1883880,6480
391,11715,1865160,4320
392,11745,1843560,360
393,11775,1824840,3960
394,11805,1803600,720
395,11835,1785240,8640
396,11865,1769760,9000
397,11895,1749960,3600
398,11925,1727280,12600
399,11955,1709280,12960
400,11985,1692360,5040
401,12015,1670760,3960
402,12045,1653480,2520
403,12075,1640160,1440
404,12105,1620000,3240
405,12135,1601640,3240
406,12165,1585080,9000
407,12195,1568160,5040
408,12225,1551600,1080
409,12255,1532520,6840
410,12285,1519920,2880
411,12315,1500480,0
412,12345,1484640,3240
413,12375,1470600,8280
414,12405,1452960,2160
415,12435,1433520,15120
416,12465,1418400,3600
417,12495,1407600,1080
418,12525,1393920,4680
419,12555,1377720,5760
420,12585,1361160,7560
421,12615,1345680,2520
422,12645,1330920,1440
423,12675,1317240,2520
424,12705,1300680,3240
425,12735,1290240,3600
426,12765,1271160,720
427,12795,1256760,6480
428,12825,1247400,2160
429,12855,1235160,1800
430,12885,1220040,5400
431,12915,1201320,1800
432,12945,1190160,3240
433,12975,1177560,720
434,13005,1168560,2880
435,13035,1152720,2880
436,13065,1138320,6840
437,13095,1129680,4320
438,13125,1116000,1440
439,13155,1105560,2520
440,13185,1087920,7560
441,13215,1081440,2880
442,13245,1066680,360
443,13275,1055160,1080
444,13305,1046160,360
445,13335,1033920,360
446,13365,1020600,2160
447,13395,1009440,720
448,13425,996480,3960
449,13455,990360,4320
450,13485,976680,1080
451,13515,968040,6480
452,13545,954360,0
453,13575,942840,0
454,13605,937800,1080
455,13635,925560,1440
456,13665,914040,360
457,13695,902880,720
458,13725,894600,1800
459,13755,881280,6480
460,13785,876960,1080
461,13815,865080,1800
462,13845,852480,0
463,13875,846720,1800
464,13905,837360,3240
465,13935,830520,360
466,13965,820080,360
467,13995,810720,1800
468,14025,800640,720
469,14055,792720,1080
470,14085,779760,0
471,14115,773640,360
472,14145,765360,2160
473,14175,754560,360
474,14205,747360,0
475,14235,739440,0
476,14265,735120,360
477,14295,723240,1080
478,14325,714600,1440
479,14355,704880,0
480,14385,696240,360
481,14415,691920,0
482,14445,682200,720
483,14475,674280,0
484,14505,667080,1080
485,14535,659880,1080
486,14565,653400,0
487,14595,645480,1080
488,14625,639720,360
489,14655,627840,360
490,14685,627840,0
491,14715,620280,0
492,14745,610920,720
493,14775,602280,1080
494,14805,594360,1800
495,14835,589320,2880
496,14865,582840,360
497,14895,577080,1800
498,14925,571680,0
499,14955,565920,2160
500,14985,560520,720
501,15015,550440,1080
502,15045,544680,0
503,15075,541800,0
504,15105,532080,3960
505,15135,527040,2520
506,15165,515880,360
507,15195,514080,0
508,15225,510840,1440
509,15255,503280,1080
510,15285,498240,0
511,15315,491040,0
The following results are multiplied by 360 such that they apply to the entire Galaxy
Number of TypeII: 9483840 Number of TypeIa: 1017000 Total Sterilizations SNII: 239975640 Total Sterilizations Ia: 152294760 Total stellar mass: 1.37997e+09Number of SNII: 6586560
Number of SNIa: 627840